pelvis_tilt.offset                 	0.06242738	0.06280488	0.01
hip_flexion_r.offset               	-0.03176107	-0.03141605	0.01
knee_angle_r.offset                	0.15727211	0.15728046	0.01
ankle_angle_r.offset               	-0.06837495	-0.06927863	0.01
hip_flexion_l.offset               	-0.25356058	-0.25309039	0.01
knee_angle_l.offset                	0.03763299	0.03802	0.01
ankle_angle_l.offset               	0.01122628	0.01109775	0.01
pelvis_tilt_u.offset               	-0.27363099	-0.27326639	0.01
pelvis_tx_u.offset                 	-0.35305853	-0.35391134	0.1
pelvis_ty_u.offset                 	-0.44535018	-0.44519827	0.01
hip_flexion_r_u.offset             	-0.09165319	-0.09174262	0.01
knee_angle_r_u.offset              	0.00163108	0.00104609	0.01
ankle_angle_r_u.offset             	0.10538765	0.10558965	0.01
hip_flexion_l_u.offset             	-0.01471145	-0.01468597	0.01
knee_angle_l_u.offset              	-0.0338428	-0.03403413	0.01
ankle_angle_l_u.offset             	0.31245591	0.31266725	0.01
stance_load_threshold              	0.30596652	0.30562434	0.01
swing_load_threshold               	0.31000572	0.31044179	0.01
landing_threshold                  	-0.23234501	-0.23247627	0.01
late_stance_threshold              	0.06215144	0.06192522	0.01
S00011.hamstrings.C0               	0.1599593	0.16015817	0.01
S00011.bifemsh.C0                  	0.17571215	0.17590237	0.01
S00011.glut_max.C0                 	0.02829789	0.02818194	0.01
S00011.iliopsoas.C0                	0.1667665	0.16660053	0.01
S00011.rect_fem.C0                 	0.03909269	0.03921636	0.01
S00011.vasti.C0                    	0.01150851	0.01153786	0.01
S00011.gastroc.C0                  	0.50970709	0.51005766	0.01
S00011.soleus.C0                   	0.09954102	0.09909785	0.01
S00011.tib_ant.C0                  	0.27889431	0.27836179	0.01
S00011.ankle_angle.C0               0           0           0
S00100.hamstrings.C0               	0.0269522	0.0268854	0.01
S00100.bifemsh.C0                  	0.21853198	0.21871197	0.01
S00100.glut_max.C0                 	0.06039951	0.06092947	0.01
S00100.iliopsoas.C0                	0.24247921	0.24263102	0.01
S00100.rect_fem.C0                 	0.02403648	0.02407828	0.01
S00100.vasti.C0                    	0.01011095	0.01014022	0.01
S00100.gastroc.C0                  	0.06803548	0.06826098	0.01
S00100.soleus.C0                   	0.0105181	0.0105378	0.01
S00100.tib_ant.C0                  	0.02144418	0.02122236	0.01
S00100.ankle_angle.C0               0           0           0
S11000.hamstrings.C0               	0.01081619	0.01076484	0.01
S11000.bifemsh.C0                  	0.01929713	0.01933595	0.01
S11000.glut_max.C0                 	0.01001351	0.01001839	0.01
S11000.iliopsoas.C0                	0.08436922	0.08414991	0.01
S11000.rect_fem.C0                 	0.03579985	0.03552478	0.01
S11000.vasti.C0                    	0.0100381	0.01004542	0.01
S11000.gastroc.C0                  	0.10836067	0.10858315	0.01
S11000.soleus.C0                   	0.10227135	0.10262134	0.01
S11000.tib_ant.C0                  	0.20262258	0.20233364	0.01
S11000.ankle_angle.C0               0           0           0
S00111.tib_ant.KL                  	0.44002505	0.44050903	0.1
S00111.tib_ant.L0                  	0.53715043	0.5365184	0.05
S01000.tib_ant.KL                  	0.63229079	0.63618931	0.1
S01000.tib_ant.L0                  	0.91678652	0.91787506	0.05
S10000.tib_ant.KL                  	1.67614831	1.67405443	0.1
S10000.tib_ant.L0                  	0.99904606	0.99900997	0.05
S11111.tib_ant-soleus.KF           	-1.01995375	-1.02152705	0.1
S00011.hamstrings.KL               	3.77462268	3.77449972	0.1
S00011.hamstrings.L0               	1.0997352	1.0997348	0.05
S00011.hamstrings.KV               	0.94426177	0.94359573	0.05
S00011.glut_max.KL                 	1.65835552	1.65984763	0.1
S00011.glut_max.L0                 	1.07545814	1.07619607	0.05
S00011.glut_max.KV                 	2.30160494	2.3043333	0.05
S00011.vasti.KL                    	1.90922321	1.9070983	0.1
S00011.vasti.L0                    	0.84998268	0.84999824	0.05
S00011.vasti.KV                    	0.26129343	0.26265466	0.05
S00110.soleus.KF                   	2.50163443	2.50325531	0.1
S00110.gastroc.KF                  	1.47695794	1.47434902	0.1
S00011.hamstrings-pelvis_tilt.P0   	-0.01344932	-0.01316166	0.01
S00011.hamstrings-pelvis_tilt.KP   	1.40450172	1.40679034	0.05
S00011.hamstrings-pelvis_tilt.KV   	0.34602591	0.34481724	0.05
S00011.glut_max-pelvis_tilt.P0     	0.31327033	0.31374773	0.01
S00011.glut_max-pelvis_tilt.KP     	-1.18388381	-1.18371336	0.05
S00011.glut_max-pelvis_tilt.KV     	0.03236243	0.03588885	0.05
S00011.iliopsoas-pelvis_tilt.P0    	0.01478972	0.01461012	0.01
S00011.iliopsoas-pelvis_tilt.KP    	-0.99463062	-0.9964305	0.05
S00011.iliopsoas-pelvis_tilt.KV    	-1.76590646	-1.76677943	0.05
S00100.iliopsoas.KL                	1.42804392	1.42927377	0.1
S00100.iliopsoas.L0                	1.02618436	1.0259831	0.05
S00100.rect_fem.KL                 	1.20430666	1.20801757	0.1
S00100.rect_fem.L0                 	1.06450124	1.06447248	0.05
S01000.bifemsh.KL                  	5.86010401	5.85681217	0.1
S01000.bifemsh.L0                  	1.09471496	1.09402868	0.05
S01000.iliopsoas.KL                	0.74292385	0.74271385	0.1
S01000.iliopsoas.L0                	0.51557937	0.51539597	0.05
S10000.iliopsoas.KL                	0.8676713	0.86457608	0.1
S10000.iliopsoas.L0                	1.09648194	1.09621133	0.05
S10000.hamstrings.KL               	0.67902245	0.67928249	0.1
S10000.hamstrings.L0               	1.09907507	1.09928399	0.05
S10000.glut_max.KL                 	0.01308668	0.0118646	0.1
S10000.glut_max.L0                 	1.08100369	1.08095063	0.05
S10000.vasti.KL                    	0.00232826	0.00182838	0.1
S10000.vasti.L0                    	0.7005403	0.70266617	0.05
