ankle_angle_l.offset               	0.20692363	0.2069218	0.01
ankle_angle_l_u.offset             	0.05026122	0.05029704	0.01
ankle_angle_r.offset               	0.00493149	0.0049058	0.01
ankle_angle_r_u.offset             	0.02406025	0.02398334	0.01
hip_flexion_l.offset               	-0.12083053	-0.12087261	0.01
hip_flexion_l_u.offset             	0.01367144	0.01355461	0.01
hip_flexion_r.offset               	-0.10267622	-0.10269407	0.01
hip_flexion_r_u.offset             	-0.15592724	-0.15586003	0.01
knee_angle_l.offset                	-0.08703289	-0.08702536	0.01
knee_angle_l_u.offset              	-0.08198698	-0.08202476	0.01
knee_angle_r.offset                	-0.05112056	-0.0511858	0.01
knee_angle_r_u.offset              	0.05217417	0.05217862	0.01
pelvis_tilt.offset                 	0.1375433	0.13752086	0.01
pelvis_tilt_u.offset               	-0.05284755	-0.052727	0.01
pelvis_tx_u.offset                 	0.01635358	0.01631983	0.01
pelvis_ty_u.offset                 	-0.07000076	-0.06993282	0.01
stance_load_threshold              	0.28823244	0.28821125	0.01
swing_load_threshold               	0.25676022	0.25669299	0.01
landing_threshold                  	-0.01427392	-0.01422448	0.01
late_stance_threshold              	-0.15096408	-0.15098802	0.01
S00011.hamstrings.C0               	0.0944683	0.09449158	0.01
S00011.bifemsh.C0                  	0.02783918	0.02774041	0.01
S00011.glut_max.C0                 	0.01316505	0.01314748	0.01
S00011.iliopsoas.C0                	0.06521412	0.06527884	0.01
S00011.rect_fem.C0                 	0.01045596	0.01045377	0.01
S00011.vasti.C0                    	0.01002297	0.01002499	0.01
S00011.gastroc.C0                  	0.06258357	0.06254104	0.01
S00011.soleus.C0                   	0.0103281	0.01034154	0.01
S00011.tib_ant.C0                  	0.14036655	0.14030613	0.01
S00100.hamstrings.C0               	0.22306065	0.22298351	0.01
S00100.bifemsh.C0                  	0.06951989	0.06946327	0.01
S00100.glut_max.C0                 	0.01218015	0.01216945	0.01
S00100.iliopsoas.C0                	0.1753061	0.17544919	0.01
S00100.rect_fem.C0                 	0.01068065	0.01065956	0.01
S00100.vasti.C0                    	0.01025689	0.01024962	0.01
S00100.gastroc.C0                  	0.03824054	0.03824451	0.01
S00100.soleus.C0                   	0.03551719	0.03550556	0.01
S00100.tib_ant.C0                  	0.01093333	0.01093561	0.01
S11000.hamstrings.C0               	0.01005742	0.01006083	0.01
S11000.bifemsh.C0                  	0.03894084	0.03892068	0.01
S11000.glut_max.C0                 	0.01000894	0.01000804	0.01
S11000.iliopsoas.C0                	0.09815	0.09809299	0.01
S11000.rect_fem.C0                 	0.01029318	0.01029078	0.01
S11000.vasti.C0                    	0.01001695	0.01001813	0.01
S11000.gastroc.C0                  	0.01003121	0.0100304	0.01
S11000.soleus.C0                   	0.01000114	0.01000104	0.01
S11000.tib_ant.C0                  	0.04281919	0.04300863	0.01
S00111.tib_ant.KL                  	1.01072919	1.01022901	0.1
S00111.tib_ant.L0                  	0.65442282	0.65378932	0.05
S01000.tib_ant.KL                  	1.33214065	1.33205986	0.1
S01000.tib_ant.L0                  	0.67735619	0.67730475	0.05
S10000.tib_ant.KL                  	1.14517374	1.14482189	0.1
S10000.tib_ant.L0                  	0.65895734	0.65903945	0.05
S11111.tib_ant-soleus.KF           	-2.6144489	-2.61525828	0.1
S00011.hamstrings.KL               	2.1598249	2.16046726	0.1
S00011.hamstrings.L0               	1.099987	1.09999137	0.05
S00011.hamstrings.KV               	1.09253383	1.09274887	0.05
S00011.glut_max.KL                 	2.63955446	2.6410722	0.1
S00011.glut_max.L0                 	1.09991226	1.09990623	0.05
S00011.glut_max.KV                 	1.36857943	1.36836984	0.05
S00011.vasti.KL                    	0.72931822	0.72916411	0.1
S00011.vasti.L0                    	0.84997143	0.84997495	0.05
S00011.vasti.KV                    	0.8037877	0.80334683	0.05
S00110.soleus.KF                   	1.67780203	1.67825665	0.1
S00110.gastroc.KF                  	1.46801003	1.46961992	0.1
S00011.hamstrings-pelvis_tilt.P0   	0.10959322	0.10945641	0.01
S00011.hamstrings-pelvis_tilt.KP   	0.54005137	0.53994187	0.05
S00011.hamstrings-pelvis_tilt.KV   	0.26615254	0.26649016	0.05
S00011.glut_max-pelvis_tilt.P0     	0.08666646	0.0867779	0.01
S00011.glut_max-pelvis_tilt.KP     	-0.40703508	-0.40717683	0.05
S00011.glut_max-pelvis_tilt.KV     	0.41880061	0.41905017	0.05
S00011.iliopsoas-pelvis_tilt.P0    	-0.05874774	-0.05869773	0.01
S00011.iliopsoas-pelvis_tilt.KP    	-0.81097124	-0.81071733	0.05
S00011.iliopsoas-pelvis_tilt.KV    	-2.24630436	-2.24616641	0.05
S00100.iliopsoas.KL                	2.01369599	2.01196859	0.1
S00100.iliopsoas.L0                	1.09638923	1.09627935	0.05
S00100.rect_fem.KL                 	0.00267171	0.00279487	0.1
S00100.rect_fem.L0                 	0.989466	0.98992949	0.05
S01000.bifemsh.KL                  	2.06822686	2.06699478	0.1
S01000.bifemsh.L0                  	0.98698889	0.98728849	0.05
S01000.iliopsoas.KL                	0.26566671	0.26573007	0.1
S01000.iliopsoas.L0                	0.56703214	0.56644376	0.05
S10000.iliopsoas.KL                	0.68191933	0.68155941	0.1
S10000.iliopsoas.L0                	0.91007539	0.90989836	0.05
S10000.hamstrings.KL               	0.1003035	0.0997846	0.1
S10000.hamstrings.L0               	1.06181017	1.06150622	0.05
S10000.glut_max.KL                 	0.00042713	0.00034756	0.1
S10000.glut_max.L0                 	0.89958569	0.89945687	0.05
S10000.vasti.KL                    	0.01939966	0.01924564	0.1
S10000.vasti.L0                    	0.54731057	0.5474048	0.05
