pelvis_tilt.offset              	0.082251661	0.082104199	0.00021095434	
hip_flexion_r.offset            	-0.01410109	-0.014154579	0.00020410321	
knee_angle_r.offset             	0.15155289	0.15171034	0.00020273691	
ankle_angle_r.offset            	-0.03216621	-0.032067099	0.00020212453	
hip_flexion_l.offset            	-0.25661827	-0.2566913	0.0001979447	
knee_angle_l.offset             	0.083586798	0.083629109	0.0002027735	
ankle_angle_l.offset            	0.072471606	0.072676881	0.00020473541	
pelvis_tilt_u.offset            	-0.30496668	-0.30515443	0.00021051919	
pelvis_tx_u.offset              	-0.28577117	-0.28786613	0.0019776783	
pelvis_ty_u.offset              	-0.44598021	-0.44633151	0.00020908018	
hip_flexion_r_u.offset          	-0.18494042	-0.18488766	0.00021734833	
knee_angle_r_u.offset           	0.043724294	0.043849718	0.00019945865	
ankle_angle_r_u.offset          	0.095370029	0.095596883	0.00020298005	
hip_flexion_l_u.offset          	-0.013472971	-0.013275453	0.00020717554	
knee_angle_l_u.offset           	-0.088285293	-0.088208704	0.00020281004	
ankle_angle_l_u.offset          	0.34316599	0.34299075	0.00020654198	
stance_load_threshold           	0.27377124	0.27346295	0.00020999333	
swing_load_threshold            	0.36948698	0.36911007	0.00019959771	
landing_threshold               	-0.14781044	-0.14800485	0.00021146467	
late_stance_threshold           	0.084183628	0.084426254	0.00020580778	
S00011.hamstrings.C0            	0.073625957	0.073138401	0.00021121805	
S00011.bifemsh.C0               	0.26940711	0.2693621	0.0002052832	
S00011.glut_max.C0              	0.035255893	0.035537181	0.00020910843	
S00011.iliopsoas.C0             	0.16266982	0.1626907	0.0002012735	
S00011.rect_fem.C0              	0.015219108	0.015146683	0.00019996789	
S00011.vasti.C0                 	0.013040102	0.013133912	0.00019749987	
S00011.gastroc.C0               	0.52200805	0.5220998	0.0002126165	
S00011.soleus.C0                	0.1087795	0.10874445	0.00019939296	
S00011.tib_ant.C0               	0.26004139	0.25992218	0.00020235907	
S00100.hamstrings.C0            	0.07255677	0.072580301	0.00020603621	
S00100.bifemsh.C0               	0.26887908	0.26869267	0.00020996246	
S00100.glut_max.C0              	0.032224651	0.032399659	0.00020255029	
S00100.iliopsoas.C0             	0.20409017	0.20422927	0.00020782319	
S00100.rect_fem.C0              	0.038965114	0.038856456	0.00020373908	
S00100.vasti.C0                 	0.011063934	0.011069859	0.00019059348	
S00100.gastroc.C0               	0.027272051	0.027520489	0.00021145345	
S00100.soleus.C0                	0.047451743	0.047466343	0.00021233959	
S00100.tib_ant.C0               	0.077318222	0.077489571	0.00020216242	
S11000.hamstrings.C0            	0.010239751	0.010174308	0.00018399093	
S11000.bifemsh.C0               	0.093154618	0.093434774	0.00020550789	
S11000.glut_max.C0              	0.010603815	0.010605708	0.00019276769	
S11000.iliopsoas.C0             	0.075018322	0.075036998	0.00020841112	
S11000.rect_fem.C0              	0.026950198	0.026756019	0.0001996126	
S11000.vasti.C0                 	0.011046143	0.011105191	0.00017912022	
S11000.gastroc.C0               	0.088978898	0.088918278	0.00020501489	
S11000.soleus.C0                	0.12723385	0.12748378	0.0002069414	
S11000.tib_ant.C0               	0.2418484	0.24208978	0.00021317064	
S00111.tib_ant.KL               	1.1338918	1.1289431	0.0020354203	
S00111.tib_ant.L0               	0.67193854	0.67286314	0.0010162774	
S01000.tib_ant.KL               	0.58668545	0.58574945	0.0019818698	
S01000.tib_ant.L0               	0.91597535	0.91610579	0.0010138474	
S10000.tib_ant.KL               	1.3426704	1.3441861	0.0020157855	
S10000.tib_ant.L0               	0.66359286	0.66353785	0.0010277355	
S11111.tib_ant-soleus.KF        	-1.2144874	-1.2150225	0.0020069178	
S00011.hamstrings.KL            	3.3707461	3.3727615	0.0020945191	
S00011.hamstrings.L0            	1.0965837	1.0958999	0.00086359555	
S00011.hamstrings.KV            	1.2150241	1.2137675	0.0010423311	
S00011.glut_max.KL              	0.82747835	0.83057043	0.0020808751	
S00011.glut_max.L0              	1.0936009	1.0920147	0.00096811256	
S00011.glut_max.KV              	2.3782273	2.3788069	0.001002572	
S00011.vasti.KL                 	1.3979912	1.4024997	0.0020279541	
S00011.vasti.L0                 	0.84621127	0.84621967	0.00073176816	
S00011.vasti.KV                 	0.075182174	0.073938012	0.0010266593	
S00110.soleus.KF                	1.7961351	1.7933856	0.0019876323	
S00110.gastroc.KF               	1.7099584	1.7106287	0.0021103397	
S00011.hamstrings-pelvis_tilt.P0	-0.052854734	-0.052879932	0.00020810372	
S00011.hamstrings-pelvis_tilt.KP	1.3759339	1.3750514	0.0010102109	
S00011.hamstrings-pelvis_tilt.KV	0.36088286	0.36327364	0.0010414259	
S00011.glut_max-pelvis_tilt.P0  	0.30517665	0.30520592	0.00021258384	
S00011.glut_max-pelvis_tilt.KP  	-1.3772176	-1.3768168	0.0009992749	
S00011.glut_max-pelvis_tilt.KV  	-0.3794922	-0.379038	0.0010063259	
S00011.iliopsoas-pelvis_tilt.P0 	0.023382865	0.023157917	0.0002046713	
S00011.iliopsoas-pelvis_tilt.KP 	-1.1297436	-1.1289909	0.0010113042	
S00011.iliopsoas-pelvis_tilt.KV 	-1.4847993	-1.4863782	0.0010138218	
S00100.iliopsoas.KL             	0.47063349	0.46883145	0.0020518058	
S00100.iliopsoas.L0             	0.53124723	0.53116444	0.0010311613	
S00100.rect_fem.KL              	1.5954242	1.5965798	0.002047917	
S00100.rect_fem.L0              	1.0339347	1.0341242	0.00098533688	
S01000.bifemsh.KL               	5.4336609	5.437326	0.0020822685	
S01000.bifemsh.L0               	1.09499	1.0948161	0.00098740026	
S01000.iliopsoas.KL             	1.4450484	1.4430138	0.002070622	
S01000.iliopsoas.L0             	0.86181066	0.86100519	0.00093929247	
S10000.iliopsoas.KL             	0.26438389	0.26197856	0.0020204741	
S10000.iliopsoas.L0             	0.72810352	0.72824842	0.00099280926	
S10000.hamstrings.KL            	0.19463371	0.19353773	0.001936806	
S10000.hamstrings.L0            	1.0079374	1.0082895	0.00094638482	
S10000.glut_max.KL              	0.065506153	0.065481315	0.0020704062	
S10000.glut_max.L0              	1.0733269	1.0724954	0.00099111045	
S10000.vasti.KL                 	0.11884085	0.11801119	0.0018278374	
S10000.vasti.L0                 	0.83646689	0.83650362	0.00093664778	
S00011.ankle_angle.C0               0           0           0
S00100.ankle_angle.C0               0           0           0
S11000.ankle_angle.C0               0           0           0	
