pelvis_tilt.offset              	0.036245322	0.036562997	0.00060269493	
hip_flexion_r.offset            	-0.017641922	-0.018253772	0.00061839733	
knee_angle_r.offset             	0.15175265	0.15237027	0.00062198549	
ankle_angle_r.offset            	-0.12130565	-0.12179923	0.00058804814	
hip_flexion_l.offset            	-0.26418511	-0.26348427	0.00061929106	
knee_angle_l.offset             	0.066558468	0.067239898	0.00060141751	
ankle_angle_l.offset            	0.10241001	0.10262689	0.00061002059	
pelvis_tilt_u.offset            	-0.24106902	-0.24075733	0.00064435073	
pelvis_tx_u.offset              	-0.49410535	-0.48185946	0.0060168562	
pelvis_ty_u.offset              	-0.3935546	-0.39343108	0.00059868814	
hip_flexion_r_u.offset          	-0.12795336	-0.12811622	0.00060484454	
knee_angle_r_u.offset           	-0.1201552	-0.11943571	0.00061635133	
ankle_angle_r_u.offset          	0.11217862	0.11264727	0.00062888093	
hip_flexion_l_u.offset          	-0.03659617	-0.03650847	0.00060582572	
knee_angle_l_u.offset           	-0.045633366	-0.046149873	0.0006166366	
ankle_angle_l_u.offset          	0.47737712	0.47727328	0.0006499947	
stance_load_threshold           	0.32395338	0.32366682	0.00059459698	
swing_load_threshold            	0.2954266	0.29480765	0.00061545771	
landing_threshold               	-0.19734827	-0.19789152	0.00062261098	
late_stance_threshold           	0.072322226	0.072679702	0.00062678699	
S00011.hamstrings.C0            	0.12481849	0.12462626	0.000606132	
S00011.bifemsh.C0               	0.12545643	0.12529043	0.00061465794	
S00011.glut_max.C0              	0.058123742	0.059212056	0.00062200191	
S00011.iliopsoas.C0             	0.28199367	0.28146369	0.00061802296	
S00011.rect_fem.C0              	0.029980213	0.030484797	0.00057948203	
S00011.vasti.C0                 	0.039470995	0.038374154	0.00062628464	
S00011.gastroc.C0               	0.47515835	0.47430938	0.0006304797	
S00011.soleus.C0                	0.12248591	0.12124077	0.00060586285	
S00011.tib_ant.C0               	0.23347282	0.2338422	0.00061998469	
S00100.hamstrings.C0            	0.01687001	0.017092612	0.00059009099	
S00100.bifemsh.C0               	0.15910985	0.15914552	0.00062550299	
S00100.glut_max.C0              	0.030538269	0.031122224	0.00060867479	
S00100.iliopsoas.C0             	0.11117103	0.11201939	0.00066088625	
S00100.rect_fem.C0              	0.084751182	0.084997263	0.00059741099	
S00100.vasti.C0                 	0.028588183	0.028499063	0.00061206671	
S00100.gastroc.C0               	0.12192965	0.12176637	0.00061921785	
S00100.soleus.C0                	0.086157168	0.08710995	0.00063491095	
S00100.tib_ant.C0               	0.060625547	0.060651076	0.00059320401	
S11000.hamstrings.C0            	0.013574789	0.013893657	0.00060096024	
S11000.bifemsh.C0               	0.04071493	0.040422177	0.00065491993	
S11000.glut_max.C0              	0.027331656	0.02850388	0.00061070541	
S11000.iliopsoas.C0             	0.16350953	0.16409065	0.00063623034	
S11000.rect_fem.C0              	0.079155979	0.079218443	0.00060723996	
S11000.vasti.C0                 	0.013157757	0.013358661	0.00053662913	
S11000.gastroc.C0               	0.084264433	0.083705209	0.00063350297	
S11000.soleus.C0                	0.073498463	0.074368827	0.00062278472	
S11000.tib_ant.C0               	0.10151279	0.1007539	0.00064571498	
S00111.tib_ant.KL               	0.85454629	0.85997864	0.0059924359	
S00111.tib_ant.L0               	0.70243057	0.70645562	0.0031133658	
S01000.tib_ant.KL               	0.75287948	0.74048827	0.0062734482	
S01000.tib_ant.L0               	0.87899403	0.87797427	0.0029997906	
S10000.tib_ant.KL               	1.1965664	1.1979608	0.0060587759	
S10000.tib_ant.L0               	0.66967867	0.67358913	0.0029762522	
S11111.tib_ant-soleus.KF        	-0.70347069	-0.70254371	0.0060936407	
S00011.hamstrings.KL            	3.8651981	3.8750919	0.0060538931	
S00011.hamstrings.L0            	1.0107784	1.0103878	0.0020710649	
S00011.hamstrings.KV            	1.2468068	1.2481815	0.0030912114	
S00011.glut_max.KL              	1.5260057	1.5364069	0.0060486379	
S00011.glut_max.L0              	1.0689391	1.0669867	0.0028382257	
S00011.glut_max.KV              	2.1308614	2.1322603	0.0030815693	
S00011.vasti.KL                 	2.4602149	2.4645344	0.0062007461	
S00011.vasti.L0                 	0.83215155	0.83311865	0.0019248277	
S00011.vasti.KV                 	0.15517238	0.15609482	0.0029383841	
S00110.soleus.KF                	1.740148	1.7362122	0.0061000496	
S00110.gastroc.KF               	0.94448781	0.94794374	0.0064696519	
S00011.hamstrings-pelvis_tilt.P0	-0.065055498	-0.065223035	0.00062181521	
S00011.hamstrings-pelvis_tilt.KP	0.94645674	0.94475374	0.0030956618	
S00011.hamstrings-pelvis_tilt.KV	0.50011043	0.50471484	0.0030278895	
S00011.glut_max-pelvis_tilt.P0  	0.26101785	0.26114604	0.00060609543	
S00011.glut_max-pelvis_tilt.KP  	-1.1131322	-1.1096852	0.0030777549	
S00011.glut_max-pelvis_tilt.KV  	0.11353084	0.11160185	0.0029673459	
S00011.iliopsoas-pelvis_tilt.P0 	0.0035089115	0.0025205878	0.00060119117	
S00011.iliopsoas-pelvis_tilt.KP 	-1.0538679	-1.0546138	0.0030076397	
S00011.iliopsoas-pelvis_tilt.KV 	-1.7233159	-1.7200879	0.002909533	
S00100.iliopsoas.KL             	2.0790861	2.0807926	0.0059584689	
S00100.iliopsoas.L0             	0.88948769	0.88516229	0.0028785986	
S00100.rect_fem.KL              	2.2832384	2.2726481	0.0061921058	
S00100.rect_fem.L0              	1.0936856	1.0937488	0.0031711812	
S01000.bifemsh.KL               	5.5225426	5.5231489	0.0059047202	
S01000.bifemsh.L0               	0.87963838	0.88188887	0.0029642858	
S01000.iliopsoas.KL             	1.4647045	1.4640563	0.0066611898	
S01000.iliopsoas.L0             	0.73110143	0.73321809	0.002816976	
S10000.iliopsoas.KL             	0.78654708	0.78819349	0.0058215833	
S10000.iliopsoas.L0             	0.68110452	0.67687818	0.0028992497	
S10000.hamstrings.KL            	1.0733897	1.0757533	0.0059457293	
S10000.hamstrings.L0            	1.0546387	1.05268	0.0026759961	
S10000.glut_max.KL              	0.22128381	0.22244697	0.0056081901	
S10000.glut_max.L0              	0.99650107	1.0001008	0.0028133086	
S10000.vasti.KL                 	0.26827435	0.26426206	0.0057253896	
S10000.vasti.L0                 	0.79967423	0.79906169	0.0027579861
S00011.ankle_angle.C0               0           0           0
S00100.ankle_angle.C0               0           0           0
S11000.ankle_angle.C0               0           0           0		
